10001100100000000000000010001000
10110000001100100000000000000000
00001100101100100000000000000011
10110000011100100000000000000000
00001100101100100000000000000011
10110000101100100000000000000000
00001100101100100000000000000011
10110000111100100000000000000000
00001100101100100000000000000011
10110001001100100000000000000000
00001100101100100000000000000011
10110001011100100000000000000000
00001100101100100000000000000011
10110001101100100000000000000000
00001100101100100000000000000011
10110001111100100000000000000000
00001100101100100000000000000011
10110010001100100000000000000000
00001100101100100000000000000011
10110010011100100000000000000000
00001100101100100000000000000011
10110010101100100000000000000000
00001100101100100000000000000011
10110010111100100000000000000000
00001100101100100000000000000011
10110011001100100000000000000000
00001100101100100000000000000011
10110011011100100000000000000000
00001100101100100000000000000011
10110011101100100000000000000000
00001100101100100000000000000011
10110011111100100000000000000000
00001100101100100000000000000011
10110100001100100000000000000000
00001100101100100000000000000011
10110100011100100000000000000000
00001100101100100000000000000011
10110100101100100000000000000000
00001100101100100000000000000011
10110100111100100000000000000000
00001100101100100000000000000011
10110101001100100000000000000000
00001100101100100000000000000011
10110101011100100000000000000000
00001100101100100000000000000011
10110101101100100000000000000000
00001100101100100000000000000011
10110101111100100000000000000000
00001100101100100000000000000011
10110110001100100000000000000000
00001100101100100000000000000011
10110110011100100000000000000000
00001100101100100000000000000011
10110110101100100000000000000000
00001100101100100000000000000011
10110110111100100000000000000000
00001100101100100000000000000011
10110111001100100000000000000000
00001100101100100000000000000011
10110111011100100000000000000000
00001100101100100000000000000011
10110111101100100000000000000000
00001100101100100000000000000011
10110111111100100000000000000000
00001100101100100000000000000011
10111000001100100000000000000000
00001100101100100000000000111011
10111111011100100000000000000000
00001100101100100000000000000011
10111111101100100000000000000000
00001100101100100000000000000011
10111111111100100000000000000000
10001100100000000000000000000000
10101100111100100000000000000000
01011101001100101100110000000100
10001101010000000000000001010000
01101101011101000000000000000011
10001101100000000000000000000000
10111101101100100000000000000000
01100000000000000000000101001001
10001101100000000000000000000001
10111101101100100000000000000000
10001100100000000000000010001000
10100000001100100000000000000000
00001100101100100000000000000011
10100000011100100000000000000000
00001100101100100000000000000011
10100000101100100000000000000000
00001100101100100000000000000011
10100000111100100000000000000000
00001100101100100000000000000011
10100001001100100000000000000000
00001100101100100000000000000011
10100001011100100000000000000000
00001100101100100000000000000011
10100001101100100000000000000000
00001100101100100000000000000011
10100001111100100000000000000000
00001100101100100000000000000011
10100010001100100000000000000000
00001100101100100000000000000011
10100010011100100000000000000000
00001100101100100000000000000011
10100010101100100000000000000000
00001100101100100000000000000011
10100010111100100000000000000000
00001100101100100000000000000011
10100011001100100000000000000000
00001100101100100000000000000011
10100011011100100000000000000000
00001100101100100000000000000011
10100011101100100000000000000000
00001100101100100000000000000011
10100011111100100000000000000000
00001100101100100000000000000011
10100100001100100000000000000000
00001100101100100000000000000011
10100100011100100000000000000000
00001100101100100000000000000011
10100100101100100000000000000000
00001100101100100000000000000011
10100100111100100000000000000000
00001100101100100000000000000011
10100101001100100000000000000000
00001100101100100000000000000011
10100101011100100000000000000000
00001100101100100000000000000011
10100101101100100000000000000000
00001100101100100000000000000011
10100101111100100000000000000000
00001100101100100000000000000011
10100110001100100000000000000000
00001100101100100000000000000011
10100110011100100000000000000000
00001100101100100000000000000011
10100110101100100000000000000000
00001100101100100000000000000011
10100110111100100000000000000000
00001100101100100000000000000011
10100111001100100000000000000000
00001100101100100000000000000011
10100111011100100000000000000000
00001100101100100000000000000011
10100111101100100000000000000000
00001100101100100000000000000011
10100111111100100000000000000000
00001100101100100000000000000011
10101000001100100000000000000000
00001100101100100000000000111011
10101111011100100000000000000000
00001100101100100000000000000011
10101111101100100000000000000000
00001100101100100000000000000011
10101111111100100000000000000000
10001100100000000000000000000110
10101100111100100000000000000000
10001101000000000000000000000001
01011101011100111101000000000100
10001101100000000000000010100011
01101101101101010000000000000011
10001101110000000000000000000000
10111101111100100000000000000000
01100000000000000000001010010101
10001101110000000000000000000010
10111101111100100000000000000000
10001110010000000000000000000000
10001110010000000000000000000000
10000000000000000000000000000000
10000000010000000000000000000000
10000010110000000000000000001000
10000011000000000000000000001100
10000011010000000000000000010000
10000011100000000000000000010100
10000011110000000000000000011000
01100000000000000000000001001101
01110100100000000000000000000001
10000100010000000000000000000010
10000000100000000000000000000000
10000000110000000000000000000001
10000001000000000000000000000010
10000001010000000000000000000011
10000001110000000000000000000100
10000010000000000000000000000101
10000010010000000000000000000110
10000010100000000000000000000111
01100100100000000000000000000010
01100000000000000000000011111101
01110100100000000000000000000001
10000101110000000000001111101100
10011111110101110000000000000000
10011111110100000000000000000000
10000101110000000000000000000000
10011111110101110000000000000000
10000100110000000000000000000000
10000101000000000000000000000000
10000101010000000000000000000001
10000101110000000000000000000001
01010101110101010101110000000100
10000110000000000000000000100010
01100110000101110000000000000011
01100000000000000000000011110101
00000101110100000101000000000000
10010101100101110000000000000000
01010101110101100100010000000111
01010101110101110000000000000000
10000110000000000000000000101001
01100110000101110000000000000011
01100000000000000000000010101101
00010110000101100100010000000000
10010101100110000000000000000000
00000101110011110101100000000000
10100101110101110000000000000000
10000110000000000000000000000001
01010101110101110110000000000100
10000110000000000000000000110010
01100110000101110000000000000011
01100000000000000000000011010101
00000110000101100000000000000011
10010100110110000000000000000000
10000101010000000000000000000000
00000101110101000000000000000011
10010101000101110000000000000000
01010101110101000100010000000100
10000110000000000000000000111011
01100110000101110000000000000011
01100000000000000000000011110001
10000101010000000000000000000000
01100000000000000000000001110101
01110100110000000000000000000000
01100100100000000000000000000010
01100000000000000000000101101101
01110100100000000000000000000001
01110100110000000000000000000001
10010100000100100000000000000000
00010101000100000000000000000011
00000101000010110101000000000000
10100101000101000000000000000000
00000101010000010000110000000000
10110101000101010000000000000000
00010101000100000000000000000011
00000101000011000101000000000000
10100101000101000000000000000000
00000101010000010001000000000000
10110101000101010000000000000000
00100101000100000000000110010001
00000101010000010001010000000000
10110101000101010000000000000000
00010101000100000000000000000011
00000101000011010101000000000000
10100101000101000000000000000000
00000101010000010001110000000000
10110101000101010000000000000000
00010101000100000000000000000011
00000101000011100101000000000000
10100101000101000000000000000000
00000101010000010010000000000000
10110101000101010000000000000000
01100100110000000000000000000010
10000101010000000000001111101101
10011111110101010000000000000000
10011111110100110000000000000000
10000101010000000000000000000000
10011111110101010000000000000000
10000101010000000000000000000001
01010101010100110101010000000101
10000101100000000000000001100101
01100101100101010000000000000011
01100000000000000000001001100001
10000101100000000000001111101000
10011111110101100000000000000000
10000101100000000000000000000000
10011111110101100000000000000000
01110100100000000000000000000000
01110100110000000000000000000000
01110101000000000000000000000000
01110101010000000000000000000000
10000101100000000000000001110000
01110101100000000000000000000000
01100000000000000000000000100001
01110101010000000000000000000001
01110101000000000000000000000001
01110100110000000000000000000001
01110100100000000000000000000001
00000101100010110000000000000001
10000101110000000000000110101011
10110101110101100000000000000000
00000101100011000000000000000001
10000101110000000000000110101100
10110101110101100000000000000000
00000101100010110000000000000011
10000101110000000000000110101101
10110101110101100000000000000000
00000101100011000000000000000011
10000101110000000000000110101110
10110101110101100000000000000000
00000101100010110000000000000001
10100101100101100000000000000000
00000101110011010000000000000001
10110101100101110000000000000000
00000101100010110000000000000011
10100101100101100000000000000000
00000101110011010000000000000011
10110101100101110000000000000000
10000101100000000000000011000111
00010101100101100000000010000001
00000101110011100000000000000001
10110101100101110000000000000000
10000101100000000000000011000111
00010101100101100000000010000001
00000101110011100000000000000011
10110101100101110000000000000000
00000101100011110000000000000001
10000101110000000000000000000000
10110101110101100000000000000000
00000101100011110000000000000011
10000101110000000000000000000000
10110101110101100000000000000000
10000100000000000000000000000000
10000100110000000000000000000001
10000101010000000000001111101110
10011111110101010000000000000000
10011111110100000000000000000000
10000101010000000000000000000000
10011111110101010000000000000000
10000101010000000000000000000000
01010101010100000101010000000110
10000101100000000000000010100010
01100101100101010000000000000011
01100000000000000000001100100001
10000101100000000000001111101001
10011111110101100000000000000000
10000101100000000000000000000000
10011111110101100000000000000000
00000101100000010001110000000000
10100101100101100000000000000000
00010101110100000000000000000011
00000101110011010101110000000000
10110101100101110000000000000000
00000101100000010010000000000000
10100101100101100000000000000000
00010101110100000000000000000011
00000101110011100101110000000000
10110101100101110000000000000000
00010101100100000000000000000011
00000101100011010101100000000000
10100101100101100000000000000000
10011111110101100000000000000000
00010101100100000000000000000011
00000101100011000101100000000000
10100101100101100000000000000000
10011111110101100000000000000000
10000101100000000000000000000000
10011111110101100000000000000000
00010101100100000000000000000011
00000101100011010101100000000000
10100101100101100000000000000000
00010101110100000000000000000011
00000101110011000101110000000000
10100101110101110000000000000000
01010101100101100101110000000110
10000101110000000000000011000100
01100101110101100000000000000011
01100000000000000000001100100001
00010101110100000000000000000011
00000101110011110101110000000000
10000110000000000000000000000000
10110110000101110000000000000000
01110100100000000000000000000000
01110100110000000000000000000000
01110101000000000000000000000000
10000101010000000000000011001110
01110101010000000000000000000000
01100000000000000000000001010001
01110101010000000000000000000001
01110101000000000000000000000001
01110100110000000000000000000001
01110100100000000000000000000001
10010100100101010000000000000000
10000101010000000000000000000000
01010101010100100101010000000110
10000101100000000000000011110010
01100101100101010000000000000011
10000101100000000000001111101011
10011111110101100000000000000000
10000101100000000000000000000000
10011111110101100000000000000000
00000101100011110000000000000001
10000101110000000000000000000001
10110101110101100000000000000000
00000101100011110000000000000011
10000101110000000000000000000001
10110101110101100000000000000000
10000100000000000000000000000010
00000101100000010010100000000000
10000101110000000000000000000000
10110101110101100000000000000000
01110100100000000000000000000000
01110100110000000000000000000000
01110101000000000000000000000000
01110101010000000000000000000000
10000101100000000000000011101101
01110101100000000000000000000000
01110100000000000000000000000000
01100000000000000000000100000001
01110101010000000000000000000001
01110101000000000000000000000001
01110100110000000000000000000001
01110100100000000000000000000001
01100000000000000000010000001101
10000101100000000000001111101010
10011111110101100000000000000000
10011111110100100000000000000000
10000101100000000000000000000000
10011111110101100000000000000000
01110100100000000000000000000000
01110100110000000000000000000000
01110101000000000000000000000000
01110101010000000000000000000000
10000101100000000000000011111111
01110101100000000000000000000000
01110100100000000000000000000000
01100000000000000000000100000001
01110101010000000000000000000001
01110101000000000000000000000001
01110100110000000000000000000001
01110100100000000000000000000001
01100000000000000000000000000001
10000000000000000000000000001010
10011111110000000000000000000000
10000000000000000000000000010100
10011111110000000000000000000000
